input_0.dat
896 	952 	1398 	1771 	2560 	3073 	3606 	4278 	4901 	4951 	5207 	5465 	5941 	6312 	6382 	6770 	7571 	8361 	8896 	9410 	9410 	9420 	10670 	11976 	12022 	12075 	13532 	13532 	13572 	13597 	13976 	14891 	17185 	18415 	20704 	21673 	21690 	21927 	25358 	27598 	32238 	62167 	65799 	65799 	65799 	79134 	104661 	108725
0.556 	0.561 	0.605 	0.667 	0.819 	0.931 	1.488 	2.115 	2.492 	2.954 	5.078 	5.312 	5.330 	5.394 	5.803 	6.635 	7.777 	8.090 	8.187 	8.815 	9.195 	9.380 	11.892 	12.983 	13.521 	14.241 	16.737 	24.389 	26.540 	28.470 	39.313 	48.832 	70.790 	75.132 	75.505 	76.071 	92.749 	321.085 	324.948 	329.064 	492.320 	580.673 	634.211 	826.070 	1968.493 	2171.483 	2999.078 	3295.816
input_1.dat
1174 	1192 	1216 	1225 	1227 	1231 	1232 	1233 	1233 	1234 	1236 	1236 	1238 	1239 	1240 	1241 	1241 	1241 	1241 	1245 	1250 	1251 	1253 	1253 	1255 	1256 	1256 	1257 	1257 	1260 	1262 	1262 	1263 	1272 	1275 	1333 	1335 	1338 	1398 	1404 	1410 	1425 	1440 	1447 	1450 	1702 	2400 	2844 	3096
0.009 	0.010 	0.011 	0.012 	0.013 	0.014 	0.017 	0.018 	0.018 	0.019 	0.019 	0.020 	0.020 	0.020 	0.020 	0.021 	0.023 	0.023 	0.025 	0.026 	0.027 	0.028 	0.029 	0.029 	0.029 	0.029 	0.030 	0.031 	0.032 	0.034 	0.035 	0.036 	0.037 	0.037 	0.051 	0.053 	0.078 	0.079 	0.102 	0.106 	0.109 	0.111 	0.132 	0.132 	0.183 	0.219 	0.246 	0.338 	0.421
input_2.dat
2075 	2118 	2151 	2173 	2187 	2194 	2195 	2195 	2198 	2201 	2204 	2205 	2207 	2208 	2209 	2209 	2209 	2210 	2210 	2211 	2213 	2214 	2215 	2216 	2233 	2235 	2236 	2238 	2243 	2246 	2248 	2252 	2252 	2268 	2279 	2316 	2437 	2452 	2530 	2532 	2573 	2575 	2577 	2580 	2582 	3077 	4470 	5845 	6000 	6179
0.018 	0.020 	0.021 	0.029 	0.030 	0.033 	0.039 	0.040 	0.045 	0.049 	0.051 	0.052 	0.053 	0.053 	0.057 	0.060 	0.061 	0.062 	0.063 	0.064 	0.067 	0.069 	0.070 	0.070 	0.071 	0.073 	0.074 	0.075 	0.078 	0.079 	0.084 	0.097 	0.106 	0.117 	0.117 	0.161 	0.198 	0.209 	0.389 	0.450 	0.552 	0.610 	0.657 	0.878 	0.972 	1.128 	1.135 	1.253 	1.857 	2976.066
input_3.dat
26122 	26723 	26779 	26932 	27058 	27331 	27411 	27517 	27583 	27623 	27722 	27735 	27742 	27745 	27748 	27763 	27816 	27817 	27832 	27838 	27843 	27847 	27868 	27949 	27954 	28021 	28047 	28055 	28190 	28208 	28208 	28213 	28222 	28276 	28922 	29109 	29762 	30793 	30829 	30845 	30903 	31084 	31092 	31102 	34134 	46673 	47238 	61929 	62667 	62984
0.236 	0.249 	0.281 	0.376 	0.521 	0.587 	1.095 	1.252 	1.262 	1.366 	1.716 	1.846 	1.982 	2.014 	2.015 	2.263 	2.549 	2.628 	2.683 	2.818 	2.839 	2.999 	3.031 	3.079 	4.236 	4.400 	4.604 	4.625 	6.257 	6.744 	8.005 	8.682 	9.750 	15.550 	15.653 	17.076 	19.832 	20.691 	20.701 	23.534 	41.096 	63.500 	90.717 	112.594 	431.903 	480.304 	487.265 	503.295 	1167.398 	2997.246
input_4.dat
42184 	44253 	44528 	44580 	44586 	44608 	44609 	44715 	44748 	44752 	44825 	44834 	44834 	44850 	44931 	44957 	44965 	45024 	45024 	45050 	45068 	45075 	45100 	45183 	45198 	45321 	45390 	45573 	45754 	45785 	45791 	45875 	45914 	47278 	48295 	49790 	51487 	51747 	51769 	52016 	53039 	53253 	58639 	82756 	82801 	82804 	117614 	118299 	118494
0.578 	0.585 	0.617 	0.726 	0.899 	1.326 	1.467 	5.151 	6.192 	6.276 	6.474 	6.735 	7.477 	7.479 	7.756 	8.126 	8.690 	8.715 	10.838 	11.311 	11.752 	12.011 	12.071 	13.427 	14.011 	15.459 	15.638 	16.788 	17.576 	17.651 	21.019 	26.145 	38.067 	40.294 	46.293 	55.907 	71.347 	110.066 	160.595 	309.233 	312.856 	500.139 	714.704 	850.634 	1548.904 	1563.256 	2999.206 	3243.340 	3516.398
input_5.dat
136830 	142240 	142411 	142413 	142649 	142786 	142975 	142991 	143112 	143426 	143582 	143613 	143628 	143631 	143658 	143665 	143772 	143793 	143826 	143909 	143918 	144005 	144025 	144234 	144947 	145081 	146048 	146598 	150130 	152327 	154396 	155611 	157104 	162550 	163353 	165535 	166081 	166081 	166081 	171709 	181621 	251520 	251653 	251653 	341329 	342625 	342635
2.094 	2.095 	2.187 	2.528 	4.830 	5.206 	18.988 	23.806 	25.833 	26.137 	28.329 	35.118 	37.886 	40.334 	42.504 	43.390 	45.078 	54.987 	56.296 	59.544 	65.091 	69.978 	70.871 	72.988 	91.127 	107.707 	113.771 	116.338 	119.342 	161.908 	181.587 	183.729 	184.423 	233.364 	343.686 	846.529 	1265.547 	1809.234 	2433.929 	2499.904 	2562.131 	2767.482 	2776.541 	3001.795 	3175.788 	3348.942 	3554.223
