example.dat 
<minWL> <maxWL> <minArea> <maxArea> 
<cost> <cost> ... # sorted with non-decreasing order
<runtime1> <runtime2> ... # sorted with non-decreasing order
ami33
71602 150923 1193640 1575252
0 0.0152 0.0202 0.0222 0.027 0.0297 0.0303 0.0324 0.0338 0.0354 0.0354 0.0361 0.0364 0.0368 0.0375 0.0432 0.0455 0.0464 0.0483 0.0624 0.0631 0.065 0.0661 0.0767 0.0819 0.0868 0.0874 0.0907 0.0924 0.094 0.0949 0.0954 0.096 0.1017 0.1046 0.109 0.124 0.13 0.1302 0.1396 0.1397 0.1496 0.1528 0.1554 0.1554 0.1706
0 0.001 0.001 0.001 0.018 0.023 0.032 0.033 0.047 0.058 0.066 0.075 0.144 0.147 0.166 0.209 0.377 0.442 0.78 0.876 1.118 1.255 1.353 1.475 1.485 1.804 2.044 2.048 2.249 2.312 2.605 3.101 3.803 3.999 10.551 23.665 31.744 34.91 40.914 157.816 271.373 351.645
ami49
863632 3559472 36181600 160850528                                            
0 0.0187 0.0411 0.0421 0.0471 0.0478 0.0517 0.0544 0.0564 0.0617 0.0869 0.0946 0.1012 0.1014 0.1145 0.1241 0.1326 0.1326 0.1387 0.149 0.1765 0.1886 0.1894 0.1943 0.2073 0.2195 0.2222 0.2236 0.2332 0.2398 0.2652 0.2725 0.2768 0.2843 0.2876 0.2876 1.8635
0 0.001 0.001 0.002 0.045 0.093 0.122 0.287 0.372 0.419 0.464 0.562 0.683 1.102 1.422 2.035 2.284 2.496 2.737 3.521 4.599 5.112 5.184 5.52 5.988 7.513 8.703 9.013 9.855 13.301 83.944 98.469 119.667 205.672 316.249
apte
672025 1097030 47313280 71550400                                            
0 0.1187 0.1612 0.1624 0.1789 0.1802 0.1803 0.1835 0.1867 0.1947 0.1965 0.1988 0.1998 0.2078 0.2118 0.2131 0.2175 0.2285 0.2307 0.2452 0.2456 0.2591 0.2606 0.2678 0.285 0.2923 0.2983 0.32 0.321 0.3281 0.3359 0.3553 0.3683 0.3686 0.3814 0.3833 0.3841 0.3979 0.4375 0.4527 0.5029 0.5258 0.5258 0.5723 0.5818 0.5911 0.5991 0.6411 0.6474 0.6489 0.6554
0 0.001 0.001 0.001 0.001 0.001 0.003 0.01 0.012 0.012 0.013 0.015 0.019 0.02 0.037 0.04 0.05 0.083 0.091 0.126 0.225 0.247 0.339 0.447 0.459 0.536 0.609 0.713 0.893 1.023 1.318 1.884 2.22 2.557 3.583 4 4.582 7.29 8.649 9.002 10.763 13.102 23.894 94.988
hp
246480 357440 8947008 18173512                                            
0 0.3093 0.3198 0.3273 0.3302 0.3349 0.3351 0.3429 0.3458 0.3679 0.3871 0.3896 0.3913 0.3929 0.3946 0.3995 0.4308 0.4308 0.4359 0.4403 0.456 0.4572 0.462 0.471 0.4727 0.475 0.475 0.491 0.497 0.5344 0.5436 0.5543 0.5547 0.5652 0.569 0.5734 0.5899 0.59 0.5914 0.5914 0.6111 0.614 0.6239 0.6361 0.6446 0.6734 0.7016 0.7018 0.7981 0.8414 1.0124
0 0.001 0.001 0.001 0.003 0.004 0.004 0.007 0.012 0.018 0.02 0.02 0.024 0.028 0.029 0.074 0.094 0.134 0.153 0.157 0.241 0.251 0.333 0.389 0.404 0.543 0.755 0.755 0.803 0.814 1.719 2.041 2.106 3.202 3.855 4.519 5.055 6.343 8.975 12.451 12.533 38.667 67.612
xerox
483699 918252 19831084 31746904                                            
0 0.0194 0.0266 0.0268 0.0296 0.0313 0.0388 0.0463 0.06 0.0708 0.0811 0.0829 0.0984 0.0987 0.1 0.1006 0.1071 0.1082 0.1105 0.1107 0.1124 0.1228 0.1248 0.1253 0.1263 0.128 0.1357 0.1404 0.152 0.1547 0.162 0.2049 0.2208 0.2225 0.2245 0.234 0.2504 0.257 0.2742 0.2759 0.2807 0.3012 0.3106 0.3217 0.3441 0.3467 0.3559 0.503 0.5104 0.5104 0.7333
0 0.002 0.002 0.004 0.005 0.005 0.009 0.018 0.021 0.024 0.026 0.031 0.036 0.062 0.118 0.148 0.158 0.199 0.233 0.284 0.342 0.371 0.412 0.588 0.612 0.634 0.694 0.778 1.32 1.377 1.572 2.783 3.362 3.833 4.207 4.943 7.61 13.671 14.884 28.83 45.81 63.498
